 Xvort = [
 -5.00000E+00  1.00000E-01
 -4.98750E+00  9.99996E-02
 -4.97500E+00  9.99991E-02
 -4.96250E+00  9.99987E-02
 -4.95000E+00  9.99982E-02
 -4.93750E+00  9.99978E-02
 -4.92500E+00  9.99973E-02
 -4.91250E+00  9.99968E-02
 -4.90000E+00  9.99964E-02
 -4.88750E+00  9.99959E-02
 -4.87500E+00  9.99954E-02
 -4.86251E+00  9.99949E-02
 -4.85001E+00  9.99944E-02
 -4.83751E+00  9.99939E-02
 -4.82501E+00  9.99934E-02
 -4.81251E+00  9.99929E-02
 -4.80001E+00  9.99924E-02
 -4.78751E+00  9.99919E-02
 -4.77501E+00  9.99914E-02
 -4.76251E+00  9.99908E-02
 -4.75001E+00  9.99903E-02
 -4.73751E+00  9.99898E-02
 -4.72501E+00  9.99892E-02
 -4.71251E+00  9.99887E-02
 -4.70001E+00  9.99881E-02
 -4.68751E+00  9.99876E-02
 -4.67501E+00  9.99870E-02
 -4.66251E+00  9.99864E-02
 -4.65001E+00  9.99858E-02
 -4.63751E+00  9.99852E-02
 -4.62502E+00  9.99847E-02
 -4.61252E+00  9.99841E-02
 -4.60002E+00  9.99834E-02
 -4.58752E+00  9.99828E-02
 -4.57502E+00  9.99822E-02
 -4.56252E+00  9.99816E-02
 -4.55002E+00  9.99810E-02
 -4.53752E+00  9.99803E-02
 -4.52502E+00  9.99797E-02
 -4.51252E+00  9.99790E-02
 -4.50002E+00  9.99784E-02
 -4.48752E+00  9.99777E-02
 -4.47502E+00  9.99770E-02
 -4.46252E+00  9.99764E-02
 -4.45002E+00  9.99757E-02
 -4.43752E+00  9.99750E-02
 -4.42502E+00  9.99743E-02
 -4.41253E+00  9.99736E-02
 -4.40003E+00  9.99728E-02
 -4.38753E+00  9.99721E-02
 -4.37503E+00  9.99714E-02
 -4.36253E+00  9.99706E-02
 -4.35003E+00  9.99699E-02
 -4.33753E+00  9.99691E-02
 -4.32503E+00  9.99684E-02
 -4.31253E+00  9.99676E-02
 -4.30003E+00  9.99668E-02
 -4.28753E+00  9.99660E-02
 -4.27503E+00  9.99653E-02
 -4.26253E+00  9.99644E-02
 -4.25003E+00  9.99636E-02
 -4.23753E+00  9.99628E-02
 -4.22504E+00  9.99620E-02
 -4.21254E+00  9.99611E-02
 -4.20004E+00  9.99603E-02
 -4.18754E+00  9.99594E-02
 -4.17504E+00  9.99586E-02
 -4.16254E+00  9.99577E-02
 -4.15004E+00  9.99568E-02
 -4.13754E+00  9.99559E-02
 -4.12504E+00  9.99550E-02
 -4.11254E+00  9.99541E-02
 -4.10004E+00  9.99532E-02
 -4.08754E+00  9.99523E-02
 -4.07504E+00  9.99513E-02
 -4.06254E+00  9.99504E-02
 -4.05004E+00  9.99494E-02
 -4.03755E+00  9.99485E-02
 -4.02505E+00  9.99475E-02
 -4.01255E+00  9.99465E-02
 -4.00005E+00  9.99455E-02
 -3.98755E+00  9.99445E-02
 -3.97505E+00  9.99435E-02
 -3.96255E+00  9.99424E-02
 -3.95005E+00  9.99414E-02
 -3.93755E+00  9.99403E-02
 -3.92505E+00  9.99393E-02
 -3.91255E+00  9.99382E-02
 -3.90005E+00  9.99371E-02
 -3.88755E+00  9.99360E-02
 -3.87506E+00  9.99349E-02
 -3.86256E+00  9.99338E-02
 -3.85006E+00  9.99326E-02
 -3.83756E+00  9.99315E-02
 -3.82506E+00  9.99303E-02
 -3.81256E+00  9.99292E-02
 -3.80006E+00  9.99280E-02
 -3.78756E+00  9.99268E-02
 -3.77506E+00  9.99256E-02
 -3.76256E+00  9.99244E-02
 -3.75006E+00  9.99231E-02
 -3.73756E+00  9.99219E-02
 -3.72507E+00  9.99206E-02
 -3.71257E+00  9.99194E-02
 -3.70007E+00  9.99181E-02
 -3.68757E+00  9.99168E-02
 -3.67507E+00  9.99155E-02
 -3.66257E+00  9.99141E-02
 -3.65007E+00  9.99128E-02
 -3.63757E+00  9.99115E-02
 -3.62507E+00  9.99101E-02
 -3.61257E+00  9.99087E-02
 -3.60007E+00  9.99073E-02
 -3.58758E+00  9.99059E-02
 -3.57508E+00  9.99045E-02
 -3.56258E+00  9.99031E-02
 -3.55008E+00  9.99016E-02
 -3.53758E+00  9.99001E-02
 -3.52508E+00  9.98986E-02
 -3.51258E+00  9.98971E-02
 -3.50008E+00  9.98956E-02
 -3.48758E+00  9.98941E-02
 -3.47508E+00  9.98926E-02
 -3.46258E+00  9.98910E-02
 -3.45009E+00  9.98894E-02
 -3.43759E+00  9.98878E-02
 -3.42509E+00  9.98862E-02
 -3.41259E+00  9.98846E-02
 -3.40009E+00  9.98829E-02
 -3.38759E+00  9.98813E-02
 -3.37509E+00  9.98796E-02
 -3.36259E+00  9.98779E-02
 -3.35009E+00  9.98762E-02
 -3.33759E+00  9.98744E-02
 -3.32510E+00  9.98727E-02
 -3.31260E+00  9.98709E-02
 -3.30010E+00  9.98691E-02
 -3.28760E+00  9.98673E-02
 -3.27510E+00  9.98655E-02
 -3.26260E+00  9.98636E-02
 -3.25010E+00  9.98618E-02
 -3.23760E+00  9.98599E-02
 -3.22510E+00  9.98580E-02
 -3.21261E+00  9.98561E-02
 -3.20011E+00  9.98541E-02
 -3.18761E+00  9.98521E-02
 -3.17511E+00  9.98502E-02
 -3.16261E+00  9.98482E-02
 -3.15011E+00  9.98461E-02
 -3.13761E+00  9.98441E-02
 -3.12511E+00  9.98420E-02
 -3.11261E+00  9.98399E-02
 -3.10012E+00  9.98378E-02
 -3.08762E+00  9.98356E-02
 -3.07512E+00  9.98335E-02
 -3.06262E+00  9.98313E-02
 -3.05012E+00  9.98291E-02
 -3.03762E+00  9.98269E-02
 -3.02512E+00  9.98246E-02
 -3.01262E+00  9.98223E-02
 -3.00013E+00  9.98200E-02
 -2.98763E+00  9.98177E-02
 -2.97513E+00  9.98153E-02
 -2.96263E+00  9.98129E-02
 -2.95013E+00  9.98105E-02
 -2.93763E+00  9.98081E-02
 -2.92513E+00  9.98056E-02
 -2.91264E+00  9.98032E-02
 -2.90014E+00  9.98007E-02
 -2.88764E+00  9.97981E-02
 -2.87514E+00  9.97955E-02
 -2.86264E+00  9.97930E-02
 -2.85014E+00  9.97903E-02
 -2.83764E+00  9.97877E-02
 -2.82515E+00  9.97850E-02
 -2.81265E+00  9.97823E-02
 -2.80015E+00  9.97795E-02
 -2.78765E+00  9.97768E-02
 -2.77515E+00  9.97740E-02
 -2.76265E+00  9.97711E-02
 -2.75015E+00  9.97683E-02
 -2.73766E+00  9.97654E-02
 -2.72516E+00  9.97625E-02
 -2.71266E+00  9.97595E-02
 -2.70016E+00  9.97565E-02
 -2.68766E+00  9.97535E-02
 -2.67516E+00  9.97504E-02
 -2.66267E+00  9.97473E-02
 -2.65017E+00  9.97442E-02
 -2.63767E+00  9.97410E-02
 -2.62517E+00  9.97379E-02
 -2.61267E+00  9.97346E-02
 -2.60017E+00  9.97313E-02
 -2.58768E+00  9.97280E-02
 -2.57518E+00  9.97247E-02
 -2.56268E+00  9.97213E-02
 -2.55018E+00  9.97179E-02
 -2.53768E+00  9.97144E-02
 -2.52518E+00  9.97109E-02
 -2.51269E+00  9.97074E-02
 -2.50019E+00  9.97038E-02
 -2.48769E+00  9.97002E-02
 -2.47519E+00  9.96965E-02
 -2.46269E+00  9.96928E-02
 -2.45020E+00  9.96891E-02
 -2.43770E+00  9.96853E-02
 -2.42520E+00  9.96815E-02
 -2.41270E+00  9.96776E-02
 -2.40020E+00  9.96737E-02
 -2.38770E+00  9.96697E-02
 -2.37521E+00  9.96657E-02
 -2.36271E+00  9.96616E-02
 -2.35021E+00  9.96575E-02
 -2.33771E+00  9.96533E-02
 -2.32522E+00  9.96491E-02
 -2.31272E+00  9.96449E-02
 -2.30022E+00  9.96406E-02
 -2.28772E+00  9.96362E-02
 -2.27522E+00  9.96318E-02
 -2.26273E+00  9.96273E-02
 -2.25023E+00  9.96228E-02
 -2.23773E+00  9.96182E-02
 -2.22523E+00  9.96136E-02
 -2.21273E+00  9.96089E-02
 -2.20024E+00  9.96042E-02
 -2.18774E+00  9.95994E-02
 -2.17524E+00  9.95945E-02
 -2.16274E+00  9.95896E-02
 -2.15025E+00  9.95846E-02
 -2.13775E+00  9.95796E-02
 -2.12525E+00  9.95744E-02
 -2.11275E+00  9.95693E-02
 -2.10026E+00  9.95640E-02
 -2.08776E+00  9.95587E-02
 -2.07526E+00  9.95534E-02
 -2.06276E+00  9.95480E-02
 -2.05027E+00  9.95424E-02
 -2.03777E+00  9.95369E-02
 -2.02527E+00  9.95312E-02
 -2.01278E+00  9.95255E-02
 -2.00028E+00  9.95197E-02
 -1.98778E+00  9.95139E-02
 -1.97528E+00  9.95079E-02
 -1.96279E+00  9.95019E-02
 -1.95029E+00  9.94958E-02
 -1.93779E+00  9.94896E-02
 -1.92530E+00  9.94834E-02
 -1.91280E+00  9.94771E-02
 -1.90030E+00  9.94706E-02
 -1.88780E+00  9.94641E-02
 -1.87531E+00  9.94575E-02
 -1.86281E+00  9.94509E-02
 -1.85031E+00  9.94441E-02
 -1.83782E+00  9.94372E-02
 -1.82532E+00  9.94303E-02
 -1.81282E+00  9.94232E-02
 -1.80033E+00  9.94161E-02
 -1.78783E+00  9.94088E-02
 -1.77533E+00  9.94015E-02
 -1.76284E+00  9.93941E-02
 -1.75034E+00  9.93865E-02
 -1.73784E+00  9.93789E-02
 -1.72535E+00  9.93711E-02
 -1.71285E+00  9.93632E-02
 -1.70036E+00  9.93552E-02
 -1.68786E+00  9.93471E-02
 -1.67536E+00  9.93389E-02
 -1.66287E+00  9.93306E-02
 -1.65037E+00  9.93222E-02
 -1.63787E+00  9.93136E-02
 -1.62538E+00  9.93049E-02
 -1.61288E+00  9.92961E-02
 -1.60039E+00  9.92871E-02
 -1.58789E+00  9.92780E-02
 -1.57540E+00  9.92688E-02
 -1.56290E+00  9.92595E-02
 -1.55040E+00  9.92500E-02
 -1.53791E+00  9.92403E-02
 -1.52541E+00  9.92305E-02
 -1.51292E+00  9.92206E-02
 -1.50042E+00  9.92105E-02
 -1.48793E+00  9.92002E-02
 -1.47543E+00  9.91898E-02
 -1.46294E+00  9.91793E-02
 -1.45044E+00  9.91685E-02
 -1.43795E+00  9.91576E-02
 -1.42545E+00  9.91466E-02
 -1.41296E+00  9.91353E-02
 -1.40046E+00  9.91239E-02
 -1.38797E+00  9.91122E-02
 -1.37547E+00  9.91004E-02
 -1.36298E+00  9.90884E-02
 -1.35048E+00  9.90762E-02
 -1.33799E+00  9.90638E-02
 -1.32550E+00  9.90512E-02
