 Xvort = [
 -9.00000E+00  2.00000E-02
 -8.99000E+00  2.00000E-02
 -8.98000E+00  2.00000E-02
 -8.97001E+00  2.00000E-02
 -8.96001E+00  1.99999E-02
 -8.95001E+00  1.99999E-02
 -8.94001E+00  1.99999E-02
 -8.93001E+00  1.99999E-02
 -8.92001E+00  1.99999E-02
 -8.91002E+00  1.99999E-02
 -8.90002E+00  1.99999E-02
 -8.89002E+00  1.99998E-02
 -8.88002E+00  1.99998E-02
 -8.87002E+00  1.99998E-02
 -8.86003E+00  1.99998E-02
 -8.85003E+00  1.99998E-02
 -8.84003E+00  1.99998E-02
 -8.83003E+00  1.99997E-02
 -8.82003E+00  1.99997E-02
 -8.81004E+00  1.99997E-02
 -8.80004E+00  1.99997E-02
 -8.79004E+00  1.99997E-02
 -8.78004E+00  1.99997E-02
 -8.77004E+00  1.99996E-02
 -8.76005E+00  1.99996E-02
 -8.75005E+00  1.99996E-02
 -8.74005E+00  1.99996E-02
 -8.73005E+00  1.99996E-02
 -8.72005E+00  1.99996E-02
 -8.71006E+00  1.99995E-02
 -8.70006E+00  1.99995E-02
 -8.69006E+00  1.99995E-02
 -8.68006E+00  1.99995E-02
 -8.67006E+00  1.99995E-02
 -8.66007E+00  1.99995E-02
 -8.65007E+00  1.99994E-02
 -8.64007E+00  1.99994E-02
 -8.63007E+00  1.99994E-02
 -8.62007E+00  1.99994E-02
 -8.61008E+00  1.99994E-02
 -8.60008E+00  1.99994E-02
 -8.59008E+00  1.99993E-02
 -8.58008E+00  1.99993E-02
 -8.57008E+00  1.99993E-02
 -8.56009E+00  1.99993E-02
 -8.55009E+00  1.99993E-02
 -8.54009E+00  1.99992E-02
 -8.53009E+00  1.99992E-02
 -8.52009E+00  1.99992E-02
 -8.51010E+00  1.99992E-02
 -8.50010E+00  1.99992E-02
 -8.49010E+00  1.99991E-02
 -8.48010E+00  1.99991E-02
 -8.47010E+00  1.99991E-02
 -8.46011E+00  1.99991E-02
 -8.45011E+00  1.99991E-02
 -8.44011E+00  1.99990E-02
 -8.43011E+00  1.99990E-02
 -8.42012E+00  1.99990E-02
 -8.41012E+00  1.99990E-02
 -8.40012E+00  1.99990E-02
 -8.39012E+00  1.99989E-02
 -8.38012E+00  1.99989E-02
 -8.37013E+00  1.99989E-02
 -8.36013E+00  1.99989E-02
 -8.35013E+00  1.99988E-02
 -8.34013E+00  1.99988E-02
 -8.33013E+00  1.99988E-02
 -8.32014E+00  1.99988E-02
 -8.31014E+00  1.99988E-02
 -8.30014E+00  1.99987E-02
 -8.29014E+00  1.99987E-02
 -8.28015E+00  1.99987E-02
 -8.27015E+00  1.99987E-02
 -8.26015E+00  1.99986E-02
 -8.25015E+00  1.99986E-02
 -8.24015E+00  1.99986E-02
 -8.23016E+00  1.99986E-02
 -8.22016E+00  1.99985E-02
 -8.21016E+00  1.99985E-02
 -8.20016E+00  1.99985E-02
 -8.19017E+00  1.99985E-02
 -8.18017E+00  1.99984E-02
 -8.17017E+00  1.99984E-02
 -8.16017E+00  1.99984E-02
 -8.15017E+00  1.99984E-02
 -8.14018E+00  1.99983E-02
 -8.13018E+00  1.99983E-02
 -8.12018E+00  1.99983E-02
 -8.11018E+00  1.99983E-02
 -8.10019E+00  1.99982E-02
 -8.09019E+00  1.99982E-02
 -8.08019E+00  1.99982E-02
 -8.07019E+00  1.99982E-02
 -8.06019E+00  1.99981E-02
 -8.05020E+00  1.99981E-02
 -8.04020E+00  1.99981E-02
 -8.03020E+00  1.99981E-02
 -8.02020E+00  1.99980E-02
 -8.01021E+00  1.99980E-02
 -8.00021E+00  1.99980E-02
 -7.99021E+00  1.99979E-02
 -7.98021E+00  1.99979E-02
 -7.97022E+00  1.99979E-02
 -7.96022E+00  1.99979E-02
 -7.95022E+00  1.99978E-02
 -7.94022E+00  1.99978E-02
 -7.93023E+00  1.99978E-02
 -7.92023E+00  1.99977E-02
 -7.91023E+00  1.99977E-02
 -7.90023E+00  1.99977E-02
 -7.89024E+00  1.99976E-02
 -7.88024E+00  1.99976E-02
 -7.87024E+00  1.99976E-02
 -7.86024E+00  1.99976E-02
 -7.85024E+00  1.99975E-02
 -7.84025E+00  1.99975E-02
 -7.83025E+00  1.99975E-02
 -7.82025E+00  1.99974E-02
 -7.81025E+00  1.99974E-02
 -7.80026E+00  1.99974E-02
 -7.79026E+00  1.99973E-02
 -7.78026E+00  1.99973E-02
 -7.77026E+00  1.99973E-02
 -7.76027E+00  1.99972E-02
 -7.75027E+00  1.99972E-02
 -7.74027E+00  1.99972E-02
 -7.73027E+00  1.99971E-02
 -7.72028E+00  1.99971E-02
 -7.71028E+00  1.99971E-02
 -7.70028E+00  1.99970E-02
 -7.69028E+00  1.99970E-02
 -7.68029E+00  1.99970E-02
 -7.67029E+00  1.99969E-02
 -7.66029E+00  1.99969E-02
 -7.65030E+00  1.99969E-02
 -7.64030E+00  1.99968E-02
 -7.63030E+00  1.99968E-02
 -7.62030E+00  1.99968E-02
 -7.61031E+00  1.99967E-02
 -7.60031E+00  1.99967E-02
 -7.59031E+00  1.99966E-02
 -7.58031E+00  1.99966E-02
 -7.57032E+00  1.99966E-02
 -7.56032E+00  1.99965E-02
 -7.55032E+00  1.99965E-02
 -7.54032E+00  1.99965E-02
 -7.53033E+00  1.99964E-02
 -7.52033E+00  1.99964E-02
 -7.51033E+00  1.99963E-02
 -7.50033E+00  1.99963E-02
 -7.49034E+00  1.99963E-02
 -7.48034E+00  1.99962E-02
 -7.47034E+00  1.99962E-02
 -7.46035E+00  1.99961E-02
 -7.45035E+00  1.99961E-02
 -7.44035E+00  1.99961E-02
 -7.43035E+00  1.99960E-02
 -7.42036E+00  1.99960E-02
 -7.41036E+00  1.99959E-02
 -7.40036E+00  1.99959E-02
 -7.39036E+00  1.99959E-02
 -7.38037E+00  1.99958E-02
 -7.37037E+00  1.99958E-02
 -7.36037E+00  1.99957E-02
 -7.35038E+00  1.99957E-02
 -7.34038E+00  1.99956E-02
 -7.33038E+00  1.99956E-02
 -7.32038E+00  1.99956E-02
 -7.31039E+00  1.99955E-02
 -7.30039E+00  1.99955E-02
 -7.29039E+00  1.99954E-02
 -7.28040E+00  1.99954E-02
 -7.27040E+00  1.99953E-02
 -7.26040E+00  1.99953E-02
 -7.25040E+00  1.99953E-02
 -7.24041E+00  1.99952E-02
 -7.23041E+00  1.99952E-02
 -7.22041E+00  1.99951E-02
 -7.21042E+00  1.99951E-02
 -7.20042E+00  1.99950E-02
 -7.19042E+00  1.99950E-02
 -7.18042E+00  1.99949E-02
 -7.17043E+00  1.99949E-02
 -7.16043E+00  1.99948E-02
 -7.15043E+00  1.99948E-02
 -7.14044E+00  1.99947E-02
 -7.13044E+00  1.99947E-02
 -7.12044E+00  1.99946E-02
 -7.11045E+00  1.99946E-02
 -7.10045E+00  1.99945E-02
 -7.09045E+00  1.99945E-02
 -7.08045E+00  1.99944E-02
 -7.07046E+00  1.99944E-02
 -7.06046E+00  1.99943E-02
 -7.05046E+00  1.99943E-02
 -7.04047E+00  1.99942E-02
 -7.03047E+00  1.99942E-02
 -7.02047E+00  1.99941E-02
 -7.01048E+00  1.99941E-02
 -7.00048E+00  1.99940E-02
 -6.99048E+00  1.99940E-02
 -6.98048E+00  1.99939E-02
 -6.97049E+00  1.99939E-02
 -6.96049E+00  1.99938E-02
 -6.95049E+00  1.99938E-02
 -6.94050E+00  1.99937E-02
 -6.93050E+00  1.99936E-02
 -6.92050E+00  1.99936E-02
 -6.91051E+00  1.99935E-02
 -6.90051E+00  1.99935E-02
 -6.89051E+00  1.99934E-02
 -6.88052E+00  1.99934E-02
 -6.87052E+00  1.99933E-02
 -6.86052E+00  1.99933E-02
 -6.85053E+00  1.99932E-02
 -6.84053E+00  1.99931E-02
 -6.83053E+00  1.99931E-02
 -6.82054E+00  1.99930E-02
 -6.81054E+00  1.99930E-02
 -6.80054E+00  1.99929E-02
 -6.79055E+00  1.99928E-02
 -6.78055E+00  1.99928E-02
 -6.77055E+00  1.99927E-02
 -6.76056E+00  1.99927E-02
 -6.75056E+00  1.99926E-02
 -6.74056E+00  1.99925E-02
 -6.73057E+00  1.99925E-02
 -6.72057E+00  1.99924E-02
 -6.71057E+00  1.99924E-02
 -6.70058E+00  1.99923E-02
 -6.69058E+00  1.99922E-02
 -6.68058E+00  1.99922E-02
 -6.67059E+00  1.99921E-02
 -6.66059E+00  1.99920E-02
 -6.65059E+00  1.99920E-02
 -6.64060E+00  1.99919E-02
 -6.63060E+00  1.99918E-02
 -6.62060E+00  1.99918E-02
 -6.61061E+00  1.99917E-02
 -6.60061E+00  1.99916E-02
 -6.59061E+00  1.99916E-02
 -6.58062E+00  1.99915E-02
 -6.57062E+00  1.99914E-02
 -6.56062E+00  1.99914E-02
 -6.55063E+00  1.99913E-02
 -6.54063E+00  1.99912E-02
 -6.53063E+00  1.99912E-02
 -6.52064E+00  1.99911E-02
 -6.51064E+00  1.99910E-02
 -6.50064E+00  1.99910E-02
 -6.49065E+00  1.99909E-02
 -6.48065E+00  1.99908E-02
 -6.47066E+00  1.99907E-02
 -6.46066E+00  1.99907E-02
 -6.45066E+00  1.99906E-02
 -6.44067E+00  1.99905E-02
 -6.43067E+00  1.99905E-02
 -6.42067E+00  1.99904E-02
 -6.41068E+00  1.99903E-02
 -6.40068E+00  1.99902E-02
 -6.39069E+00  1.99902E-02
 -6.38069E+00  1.99901E-02
 -6.37069E+00  1.99900E-02
 -6.36070E+00  1.99899E-02
 -6.35070E+00  1.99899E-02
 -6.34070E+00  1.99898E-02
 -6.33071E+00  1.99897E-02
 -6.32071E+00  1.99896E-02
 -6.31072E+00  1.99895E-02
 -6.30072E+00  1.99895E-02
 -6.29072E+00  1.99894E-02
 -6.28073E+00  1.99893E-02
 -6.27073E+00  1.99892E-02
 -6.26073E+00  1.99891E-02
 -6.25074E+00  1.99891E-02
 -6.24074E+00  1.99890E-02
 -6.23075E+00  1.99889E-02
 -6.22075E+00  1.99888E-02
 -6.21075E+00  1.99887E-02
 -6.20076E+00  1.99887E-02
 -6.19076E+00  1.99886E-02
 -6.18077E+00  1.99885E-02
 -6.17077E+00  1.99884E-02
 -6.16077E+00  1.99883E-02
 -6.15078E+00  1.99882E-02
 -6.14078E+00  1.99881E-02
 -6.13079E+00  1.99881E-02
 -6.12079E+00  1.99880E-02
 -6.11079E+00  1.99879E-02
 -6.10080E+00  1.99878E-02
 -6.09080E+00  1.99877E-02
 -6.08081E+00  1.99876E-02
 -6.07081E+00  1.99875E-02
 -6.06081E+00  1.99874E-02
