 Xvort = [
 -5.00000E+00  1.00000E-01
 -4.99000E+00  9.99996E-02
 -4.98000E+00  9.99991E-02
 -4.97000E+00  9.99987E-02
 -4.96000E+00  9.99982E-02
 -4.95000E+00  9.99978E-02
 -4.94000E+00  9.99973E-02
 -4.93000E+00  9.99968E-02
 -4.92000E+00  9.99964E-02
 -4.91000E+00  9.99959E-02
 -4.90000E+00  9.99954E-02
 -4.89001E+00  9.99949E-02
 -4.88001E+00  9.99945E-02
 -4.87001E+00  9.99940E-02
 -4.86001E+00  9.99935E-02
 -4.85001E+00  9.99930E-02
 -4.84001E+00  9.99925E-02
 -4.83001E+00  9.99920E-02
 -4.82001E+00  9.99915E-02
 -4.81001E+00  9.99909E-02
 -4.80001E+00  9.99904E-02
 -4.79001E+00  9.99899E-02
 -4.78001E+00  9.99894E-02
 -4.77001E+00  9.99888E-02
 -4.76001E+00  9.99883E-02
 -4.75001E+00  9.99877E-02
 -4.74001E+00  9.99872E-02
 -4.73001E+00  9.99866E-02
 -4.72001E+00  9.99861E-02
 -4.71001E+00  9.99855E-02
 -4.70002E+00  9.99849E-02
 -4.69002E+00  9.99844E-02
 -4.68002E+00  9.99838E-02
 -4.67002E+00  9.99832E-02
 -4.66002E+00  9.99826E-02
 -4.65002E+00  9.99820E-02
 -4.64002E+00  9.99814E-02
 -4.63002E+00  9.99808E-02
 -4.62002E+00  9.99802E-02
 -4.61002E+00  9.99796E-02
 -4.60002E+00  9.99789E-02
 -4.59002E+00  9.99783E-02
 -4.58002E+00  9.99777E-02
 -4.57002E+00  9.99770E-02
 -4.56002E+00  9.99764E-02
 -4.55002E+00  9.99757E-02
 -4.54002E+00  9.99751E-02
 -4.53002E+00  9.99744E-02
 -4.52003E+00  9.99737E-02
 -4.51003E+00  9.99731E-02
 -4.50003E+00  9.99724E-02
 -4.49003E+00  9.99717E-02
 -4.48003E+00  9.99710E-02
 -4.47003E+00  9.99703E-02
 -4.46003E+00  9.99696E-02
 -4.45003E+00  9.99689E-02
 -4.44003E+00  9.99681E-02
 -4.43003E+00  9.99674E-02
 -4.42003E+00  9.99667E-02
 -4.41003E+00  9.99659E-02
 -4.40003E+00  9.99652E-02
 -4.39003E+00  9.99644E-02
 -4.38003E+00  9.99637E-02
 -4.37003E+00  9.99629E-02
 -4.36003E+00  9.99621E-02
 -4.35004E+00  9.99614E-02
 -4.34004E+00  9.99606E-02
 -4.33004E+00  9.99598E-02
 -4.32004E+00  9.99590E-02
 -4.31004E+00  9.99581E-02
 -4.30004E+00  9.99573E-02
 -4.29004E+00  9.99565E-02
 -4.28004E+00  9.99557E-02
 -4.27004E+00  9.99548E-02
 -4.26004E+00  9.99540E-02
 -4.25004E+00  9.99531E-02
 -4.24004E+00  9.99523E-02
 -4.23004E+00  9.99514E-02
 -4.22004E+00  9.99505E-02
 -4.21004E+00  9.99496E-02
 -4.20005E+00  9.99487E-02
 -4.19005E+00  9.99478E-02
 -4.18005E+00  9.99469E-02
 -4.17005E+00  9.99460E-02
 -4.16005E+00  9.99451E-02
 -4.15005E+00  9.99441E-02
 -4.14005E+00  9.99432E-02
 -4.13005E+00  9.99422E-02
 -4.12005E+00  9.99413E-02
 -4.11005E+00  9.99403E-02
 -4.10005E+00  9.99393E-02
 -4.09005E+00  9.99383E-02
 -4.08005E+00  9.99373E-02
 -4.07005E+00  9.99363E-02
 -4.06006E+00  9.99353E-02
 -4.05006E+00  9.99343E-02
 -4.04006E+00  9.99332E-02
 -4.03006E+00  9.99322E-02
 -4.02006E+00  9.99311E-02
 -4.01006E+00  9.99301E-02
 -4.00006E+00  9.99290E-02
 -3.99006E+00  9.99279E-02
 -3.98006E+00  9.99268E-02
 -3.97006E+00  9.99257E-02
 -3.96006E+00  9.99246E-02
 -3.95006E+00  9.99235E-02
 -3.94006E+00  9.99223E-02
 -3.93007E+00  9.99212E-02
 -3.92007E+00  9.99200E-02
 -3.91007E+00  9.99189E-02
 -3.90007E+00  9.99177E-02
 -3.89007E+00  9.99165E-02
 -3.88007E+00  9.99153E-02
 -3.87007E+00  9.99141E-02
 -3.86007E+00  9.99129E-02
 -3.85007E+00  9.99117E-02
 -3.84007E+00  9.99104E-02
 -3.83007E+00  9.99092E-02
 -3.82007E+00  9.99079E-02
 -3.81008E+00  9.99066E-02
 -3.80008E+00  9.99054E-02
 -3.79008E+00  9.99041E-02
 -3.78008E+00  9.99028E-02
 -3.77008E+00  9.99014E-02
 -3.76008E+00  9.99001E-02
 -3.75008E+00  9.98988E-02
 -3.74008E+00  9.98974E-02
 -3.73008E+00  9.98960E-02
 -3.72008E+00  9.98947E-02
 -3.71008E+00  9.98933E-02
 -3.70008E+00  9.98919E-02
 -3.69009E+00  9.98904E-02
 -3.68009E+00  9.98890E-02
 -3.67009E+00  9.98876E-02
 -3.66009E+00  9.98861E-02
 -3.65009E+00  9.98846E-02
 -3.64009E+00  9.98831E-02
 -3.63009E+00  9.98816E-02
 -3.62009E+00  9.98801E-02
 -3.61009E+00  9.98786E-02
 -3.60009E+00  9.98771E-02
 -3.59010E+00  9.98755E-02
 -3.58010E+00  9.98740E-02
 -3.57010E+00  9.98724E-02
 -3.56010E+00  9.98708E-02
 -3.55010E+00  9.98692E-02
 -3.54010E+00  9.98675E-02
 -3.53010E+00  9.98659E-02
 -3.52010E+00  9.98642E-02
 -3.51010E+00  9.98626E-02
 -3.50010E+00  9.98609E-02
 -3.49011E+00  9.98592E-02
 -3.48011E+00  9.98575E-02
 -3.47011E+00  9.98557E-02
 -3.46011E+00  9.98540E-02
 -3.45011E+00  9.98522E-02
 -3.44011E+00  9.98504E-02
 -3.43011E+00  9.98486E-02
 -3.42011E+00  9.98468E-02
 -3.41011E+00  9.98450E-02
 -3.40011E+00  9.98431E-02
 -3.39012E+00  9.98413E-02
 -3.38012E+00  9.98394E-02
 -3.37012E+00  9.98375E-02
 -3.36012E+00  9.98356E-02
 -3.35012E+00  9.98337E-02
 -3.34012E+00  9.98317E-02
 -3.33012E+00  9.98297E-02
 -3.32012E+00  9.98277E-02
 -3.31012E+00  9.98257E-02
 -3.30013E+00  9.98237E-02
 -3.29013E+00  9.98217E-02
 -3.28013E+00  9.98196E-02
 -3.27013E+00  9.98175E-02
 -3.26013E+00  9.98154E-02
 -3.25013E+00  9.98133E-02
 -3.24013E+00  9.98112E-02
 -3.23013E+00  9.98090E-02
 -3.22014E+00  9.98068E-02
 -3.21014E+00  9.98046E-02
 -3.20014E+00  9.98024E-02
 -3.19014E+00  9.98001E-02
 -3.18014E+00  9.97979E-02
 -3.17014E+00  9.97956E-02
 -3.16014E+00  9.97933E-02
 -3.15014E+00  9.97910E-02
 -3.14015E+00  9.97886E-02
 -3.13015E+00  9.97862E-02
 -3.12015E+00  9.97838E-02
 -3.11015E+00  9.97814E-02
 -3.10015E+00  9.97790E-02
 -3.09015E+00  9.97765E-02
 -3.08015E+00  9.97740E-02
 -3.07016E+00  9.97715E-02
 -3.06016E+00  9.97690E-02
 -3.05016E+00  9.97664E-02
 -3.04016E+00  9.97638E-02
 -3.03016E+00  9.97612E-02
 -3.02016E+00  9.97586E-02
 -3.01016E+00  9.97559E-02
 -3.00017E+00  9.97532E-02
 -2.99017E+00  9.97505E-02
 -2.98017E+00  9.97478E-02
 -2.97017E+00  9.97450E-02
 -2.96017E+00  9.97422E-02
 -2.95017E+00  9.97394E-02
 -2.94017E+00  9.97366E-02
 -2.93018E+00  9.97337E-02
 -2.92018E+00  9.97308E-02
 -2.91018E+00  9.97279E-02
 -2.90018E+00  9.97249E-02
 -2.89018E+00  9.97219E-02
 -2.88018E+00  9.97189E-02
 -2.87019E+00  9.97159E-02
 -2.86019E+00  9.97128E-02
 -2.85019E+00  9.97097E-02
 -2.84019E+00  9.97065E-02
 -2.83019E+00  9.97034E-02
 -2.82019E+00  9.97002E-02
 -2.81020E+00  9.96969E-02
 -2.80020E+00  9.96937E-02
 -2.79020E+00  9.96904E-02
 -2.78020E+00  9.96870E-02
 -2.77020E+00  9.96837E-02
 -2.76020E+00  9.96803E-02
 -2.75021E+00  9.96769E-02
 -2.74021E+00  9.96734E-02
 -2.73021E+00  9.96699E-02
 -2.72021E+00  9.96664E-02
 -2.71021E+00  9.96628E-02
 -2.70021E+00  9.96592E-02
 -2.69022E+00  9.96555E-02
 -2.68022E+00  9.96519E-02
 -2.67022E+00  9.96482E-02
 -2.66022E+00  9.96444E-02
 -2.65022E+00  9.96406E-02
 -2.64023E+00  9.96368E-02
 -2.63023E+00  9.96329E-02
 -2.62023E+00  9.96290E-02
 -2.61023E+00  9.96250E-02
 -2.60023E+00  9.96210E-02
 -2.59024E+00  9.96170E-02
 -2.58024E+00  9.96129E-02
 -2.57024E+00  9.96088E-02
 -2.56024E+00  9.96046E-02
 -2.55024E+00  9.96004E-02
 -2.54025E+00  9.95962E-02
 -2.53025E+00  9.95919E-02
 -2.52025E+00  9.95875E-02
 -2.51025E+00  9.95832E-02
 -2.50026E+00  9.95787E-02
 -2.49026E+00  9.95742E-02
 -2.48026E+00  9.95697E-02
 -2.47026E+00  9.95651E-02
 -2.46026E+00  9.95605E-02
 -2.45027E+00  9.95558E-02
 -2.44027E+00  9.95511E-02
 -2.43027E+00  9.95463E-02
 -2.42027E+00  9.95415E-02
 -2.41028E+00  9.95366E-02
 -2.40028E+00  9.95317E-02
 -2.39028E+00  9.95267E-02
 -2.38028E+00  9.95216E-02
 -2.37029E+00  9.95165E-02
 -2.36029E+00  9.95114E-02
 -2.35029E+00  9.95062E-02
 -2.34029E+00  9.95009E-02
 -2.33030E+00  9.94956E-02
 -2.32030E+00  9.94902E-02
 -2.31030E+00  9.94847E-02
 -2.30030E+00  9.94792E-02
 -2.29031E+00  9.94736E-02
 -2.28031E+00  9.94680E-02
 -2.27031E+00  9.94623E-02
 -2.26031E+00  9.94565E-02
 -2.25032E+00  9.94507E-02
 -2.24032E+00  9.94448E-02
 -2.23032E+00  9.94388E-02
 -2.22033E+00  9.94328E-02
 -2.21033E+00  9.94267E-02
 -2.20033E+00  9.94205E-02
 -2.19034E+00  9.94143E-02
 -2.18034E+00  9.94079E-02
 -2.17034E+00  9.94015E-02
 -2.16034E+00  9.93951E-02
 -2.15035E+00  9.93885E-02
 -2.14035E+00  9.93819E-02
 -2.13035E+00  9.93752E-02
 -2.12036E+00  9.93684E-02
 -2.11036E+00  9.93615E-02
 -2.10036E+00  9.93546E-02
 -2.09037E+00  9.93475E-02
 -2.08037E+00  9.93404E-02
 -2.07037E+00  9.93332E-02
 -2.06038E+00  9.93259E-02
