 Xvort = [
 -9.00000E+00  2.00000E-02
 -8.99000E+00  2.00000E-02
 -8.98000E+00  2.00000E-02
 -8.97000E+00  2.00000E-02
 -8.96000E+00  2.00000E-02
 -8.95000E+00  2.00000E-02
 -8.94000E+00  1.99999E-02
 -8.93000E+00  1.99999E-02
 -8.92000E+00  1.99999E-02
 -8.91000E+00  1.99999E-02
 -8.90000E+00  1.99999E-02
 -8.89000E+00  1.99999E-02
 -8.88000E+00  1.99999E-02
 -8.87000E+00  1.99999E-02
 -8.86000E+00  1.99999E-02
 -8.85000E+00  1.99998E-02
 -8.84000E+00  1.99998E-02
 -8.83000E+00  1.99998E-02
 -8.82000E+00  1.99998E-02
 -8.81000E+00  1.99998E-02
 -8.80000E+00  1.99998E-02
 -8.79000E+00  1.99998E-02
 -8.78000E+00  1.99998E-02
 -8.77000E+00  1.99997E-02
 -8.76000E+00  1.99997E-02
 -8.75000E+00  1.99997E-02
 -8.74000E+00  1.99997E-02
 -8.73000E+00  1.99997E-02
 -8.72000E+00  1.99997E-02
 -8.71000E+00  1.99997E-02
 -8.70000E+00  1.99997E-02
 -8.69000E+00  1.99996E-02
 -8.68000E+00  1.99996E-02
 -8.67000E+00  1.99996E-02
 -8.66000E+00  1.99996E-02
 -8.65001E+00  1.99996E-02
 -8.64001E+00  1.99996E-02
 -8.63001E+00  1.99996E-02
 -8.62001E+00  1.99995E-02
 -8.61001E+00  1.99995E-02
 -8.60001E+00  1.99995E-02
 -8.59001E+00  1.99995E-02
 -8.58001E+00  1.99995E-02
 -8.57001E+00  1.99995E-02
 -8.56001E+00  1.99995E-02
 -8.55001E+00  1.99994E-02
 -8.54001E+00  1.99994E-02
 -8.53001E+00  1.99994E-02
 -8.52001E+00  1.99994E-02
 -8.51001E+00  1.99994E-02
 -8.50001E+00  1.99994E-02
 -8.49001E+00  1.99993E-02
 -8.48001E+00  1.99993E-02
 -8.47001E+00  1.99993E-02
 -8.46001E+00  1.99993E-02
 -8.45001E+00  1.99993E-02
 -8.44001E+00  1.99993E-02
 -8.43001E+00  1.99992E-02
 -8.42001E+00  1.99992E-02
 -8.41001E+00  1.99992E-02
 -8.40001E+00  1.99992E-02
 -8.39001E+00  1.99992E-02
 -8.38001E+00  1.99992E-02
 -8.37001E+00  1.99991E-02
 -8.36001E+00  1.99991E-02
 -8.35001E+00  1.99991E-02
 -8.34001E+00  1.99991E-02
 -8.33001E+00  1.99991E-02
 -8.32001E+00  1.99990E-02
 -8.31001E+00  1.99990E-02
 -8.30001E+00  1.99990E-02
 -8.29001E+00  1.99990E-02
 -8.28001E+00  1.99990E-02
 -8.27001E+00  1.99990E-02
 -8.26001E+00  1.99989E-02
 -8.25001E+00  1.99989E-02
 -8.24001E+00  1.99989E-02
 -8.23001E+00  1.99989E-02
 -8.22001E+00  1.99988E-02
 -8.21001E+00  1.99988E-02
 -8.20001E+00  1.99988E-02
 -8.19001E+00  1.99988E-02
 -8.18001E+00  1.99988E-02
 -8.17001E+00  1.99987E-02
 -8.16001E+00  1.99987E-02
 -8.15001E+00  1.99987E-02
 -8.14001E+00  1.99987E-02
 -8.13001E+00  1.99987E-02
 -8.12001E+00  1.99986E-02
 -8.11001E+00  1.99986E-02
 -8.10001E+00  1.99986E-02
 -8.09001E+00  1.99986E-02
 -8.08001E+00  1.99985E-02
 -8.07001E+00  1.99985E-02
 -8.06001E+00  1.99985E-02
 -8.05001E+00  1.99985E-02
 -8.04001E+00  1.99984E-02
 -8.03002E+00  1.99984E-02
 -8.02002E+00  1.99984E-02
 -8.01002E+00  1.99984E-02
 -8.00002E+00  1.99983E-02
 -7.99002E+00  1.99983E-02
 -7.98002E+00  1.99983E-02
 -7.97002E+00  1.99983E-02
 -7.96002E+00  1.99982E-02
 -7.95002E+00  1.99982E-02
 -7.94002E+00  1.99982E-02
 -7.93002E+00  1.99982E-02
 -7.92002E+00  1.99981E-02
 -7.91002E+00  1.99981E-02
 -7.90002E+00  1.99981E-02
 -7.89002E+00  1.99980E-02
 -7.88002E+00  1.99980E-02
 -7.87002E+00  1.99980E-02
 -7.86002E+00  1.99980E-02
 -7.85002E+00  1.99979E-02
 -7.84002E+00  1.99979E-02
 -7.83002E+00  1.99979E-02
 -7.82002E+00  1.99978E-02
 -7.81002E+00  1.99978E-02
 -7.80002E+00  1.99978E-02
 -7.79002E+00  1.99978E-02
 -7.78002E+00  1.99977E-02
 -7.77002E+00  1.99977E-02
 -7.76002E+00  1.99977E-02
 -7.75002E+00  1.99976E-02
 -7.74002E+00  1.99976E-02
 -7.73002E+00  1.99976E-02
 -7.72002E+00  1.99975E-02
 -7.71002E+00  1.99975E-02
 -7.70002E+00  1.99975E-02
 -7.69002E+00  1.99974E-02
 -7.68002E+00  1.99974E-02
 -7.67002E+00  1.99974E-02
 -7.66002E+00  1.99973E-02
 -7.65002E+00  1.99973E-02
 -7.64002E+00  1.99973E-02
 -7.63002E+00  1.99972E-02
 -7.62002E+00  1.99972E-02
 -7.61002E+00  1.99972E-02
 -7.60002E+00  1.99971E-02
 -7.59002E+00  1.99971E-02
 -7.58002E+00  1.99971E-02
 -7.57002E+00  1.99970E-02
 -7.56002E+00  1.99970E-02
 -7.55002E+00  1.99970E-02
 -7.54002E+00  1.99969E-02
 -7.53002E+00  1.99969E-02
 -7.52002E+00  1.99969E-02
 -7.51002E+00  1.99968E-02
 -7.50002E+00  1.99968E-02
 -7.49003E+00  1.99967E-02
 -7.48003E+00  1.99967E-02
 -7.47003E+00  1.99967E-02
 -7.46003E+00  1.99966E-02
 -7.45003E+00  1.99966E-02
 -7.44003E+00  1.99965E-02
 -7.43003E+00  1.99965E-02
 -7.42003E+00  1.99965E-02
 -7.41003E+00  1.99964E-02
 -7.40003E+00  1.99964E-02
 -7.39003E+00  1.99963E-02
 -7.38003E+00  1.99963E-02
 -7.37003E+00  1.99963E-02
 -7.36003E+00  1.99962E-02
 -7.35003E+00  1.99962E-02
 -7.34003E+00  1.99961E-02
 -7.33003E+00  1.99961E-02
 -7.32003E+00  1.99961E-02
 -7.31003E+00  1.99960E-02
 -7.30003E+00  1.99960E-02
 -7.29003E+00  1.99959E-02
 -7.28003E+00  1.99959E-02
 -7.27003E+00  1.99958E-02
 -7.26003E+00  1.99958E-02
 -7.25003E+00  1.99957E-02
 -7.24003E+00  1.99957E-02
 -7.23003E+00  1.99957E-02
 -7.22003E+00  1.99956E-02
 -7.21003E+00  1.99956E-02
 -7.20003E+00  1.99955E-02
 -7.19003E+00  1.99955E-02
 -7.18003E+00  1.99954E-02
 -7.17003E+00  1.99954E-02
 -7.16003E+00  1.99953E-02
 -7.15003E+00  1.99953E-02
 -7.14003E+00  1.99952E-02
 -7.13003E+00  1.99952E-02
 -7.12003E+00  1.99951E-02
 -7.11003E+00  1.99951E-02
 -7.10003E+00  1.99950E-02
 -7.09003E+00  1.99950E-02
 -7.08003E+00  1.99949E-02
 -7.07003E+00  1.99949E-02
 -7.06003E+00  1.99948E-02
 -7.05003E+00  1.99948E-02
 -7.04003E+00  1.99947E-02
 -7.03003E+00  1.99947E-02
 -7.02004E+00  1.99946E-02
 -7.01004E+00  1.99946E-02
 -7.00004E+00  1.99945E-02
 -6.99004E+00  1.99945E-02
 -6.98004E+00  1.99944E-02
 -6.97004E+00  1.99944E-02
 -6.96004E+00  1.99943E-02
 -6.95004E+00  1.99942E-02
 -6.94004E+00  1.99942E-02
 -6.93004E+00  1.99941E-02
 -6.92004E+00  1.99941E-02
 -6.91004E+00  1.99940E-02
 -6.90004E+00  1.99940E-02
 -6.89004E+00  1.99939E-02
 -6.88004E+00  1.99939E-02
 -6.87004E+00  1.99938E-02
 -6.86004E+00  1.99937E-02
 -6.85004E+00  1.99937E-02
 -6.84004E+00  1.99936E-02
 -6.83004E+00  1.99936E-02
 -6.82004E+00  1.99935E-02
 -6.81004E+00  1.99934E-02
 -6.80004E+00  1.99934E-02
 -6.79004E+00  1.99933E-02
 -6.78004E+00  1.99933E-02
 -6.77004E+00  1.99932E-02
 -6.76004E+00  1.99931E-02
 -6.75004E+00  1.99931E-02
 -6.74004E+00  1.99930E-02
 -6.73004E+00  1.99929E-02
 -6.72004E+00  1.99929E-02
 -6.71004E+00  1.99928E-02
 -6.70004E+00  1.99927E-02
 -6.69004E+00  1.99927E-02
 -6.68004E+00  1.99926E-02
 -6.67004E+00  1.99926E-02
 -6.66004E+00  1.99925E-02
 -6.65004E+00  1.99924E-02
 -6.64004E+00  1.99924E-02
 -6.63004E+00  1.99923E-02
 -6.62004E+00  1.99922E-02
 -6.61005E+00  1.99921E-02
 -6.60005E+00  1.99921E-02
 -6.59005E+00  1.99920E-02
 -6.58005E+00  1.99919E-02
 -6.57005E+00  1.99919E-02
 -6.56005E+00  1.99918E-02
 -6.55005E+00  1.99917E-02
 -6.54005E+00  1.99917E-02
 -6.53005E+00  1.99916E-02
 -6.52005E+00  1.99915E-02
 -6.51005E+00  1.99914E-02
 -6.50005E+00  1.99914E-02
 -6.49005E+00  1.99913E-02
 -6.48005E+00  1.99912E-02
 -6.47005E+00  1.99911E-02
 -6.46005E+00  1.99911E-02
 -6.45005E+00  1.99910E-02
 -6.44005E+00  1.99909E-02
 -6.43005E+00  1.99908E-02
 -6.42005E+00  1.99908E-02
 -6.41005E+00  1.99907E-02
 -6.40005E+00  1.99906E-02
 -6.39005E+00  1.99905E-02
 -6.38005E+00  1.99904E-02
 -6.37005E+00  1.99904E-02
 -6.36005E+00  1.99903E-02
 -6.35005E+00  1.99902E-02
 -6.34005E+00  1.99901E-02
 -6.33005E+00  1.99900E-02
 -6.32005E+00  1.99900E-02
 -6.31005E+00  1.99899E-02
 -6.30005E+00  1.99898E-02
 -6.29005E+00  1.99897E-02
 -6.28005E+00  1.99896E-02
 -6.27005E+00  1.99895E-02
 -6.26005E+00  1.99894E-02
 -6.25006E+00  1.99894E-02
 -6.24006E+00  1.99893E-02
 -6.23006E+00  1.99892E-02
 -6.22006E+00  1.99891E-02
 -6.21006E+00  1.99890E-02
 -6.20006E+00  1.99889E-02
 -6.19006E+00  1.99888E-02
 -6.18006E+00  1.99887E-02
 -6.17006E+00  1.99887E-02
 -6.16006E+00  1.99886E-02
 -6.15006E+00  1.99885E-02
 -6.14006E+00  1.99884E-02
 -6.13006E+00  1.99883E-02
 -6.12006E+00  1.99882E-02
 -6.11006E+00  1.99881E-02
 -6.10006E+00  1.99880E-02
 -6.09006E+00  1.99879E-02
 -6.08006E+00  1.99878E-02
 -6.07006E+00  1.99877E-02
 -6.06006E+00  1.99876E-02
