 Xvort = [
 -5.00000E+00  1.00000E-01
 -4.98750E+00  9.99994E-02
 -4.97500E+00  9.99989E-02
 -4.96250E+00  9.99983E-02
 -4.95000E+00  9.99978E-02
 -4.93750E+00  9.99972E-02
 -4.92500E+00  9.99966E-02
 -4.91250E+00  9.99960E-02
 -4.90000E+00  9.99954E-02
 -4.88751E+00  9.99948E-02
 -4.87501E+00  9.99942E-02
 -4.86251E+00  9.99936E-02
 -4.85001E+00  9.99930E-02
 -4.83751E+00  9.99924E-02
 -4.82501E+00  9.99917E-02
 -4.81251E+00  9.99911E-02
 -4.80001E+00  9.99904E-02
 -4.78751E+00  9.99898E-02
 -4.77501E+00  9.99891E-02
 -4.76251E+00  9.99884E-02
 -4.75001E+00  9.99878E-02
 -4.73751E+00  9.99871E-02
 -4.72501E+00  9.99864E-02
 -4.71251E+00  9.99857E-02
 -4.70002E+00  9.99850E-02
 -4.68752E+00  9.99843E-02
 -4.67502E+00  9.99835E-02
 -4.66252E+00  9.99828E-02
 -4.65002E+00  9.99821E-02
 -4.63752E+00  9.99813E-02
 -4.62502E+00  9.99805E-02
 -4.61252E+00  9.99798E-02
 -4.60002E+00  9.99790E-02
 -4.58752E+00  9.99782E-02
 -4.57502E+00  9.99774E-02
 -4.56252E+00  9.99766E-02
 -4.55002E+00  9.99758E-02
 -4.53752E+00  9.99750E-02
 -4.52502E+00  9.99742E-02
 -4.51253E+00  9.99733E-02
 -4.50003E+00  9.99725E-02
 -4.48753E+00  9.99716E-02
 -4.47503E+00  9.99707E-02
 -4.46253E+00  9.99699E-02
 -4.45003E+00  9.99690E-02
 -4.43753E+00  9.99681E-02
 -4.42503E+00  9.99672E-02
 -4.41253E+00  9.99662E-02
 -4.40003E+00  9.99653E-02
 -4.38753E+00  9.99644E-02
 -4.37503E+00  9.99634E-02
 -4.36253E+00  9.99624E-02
 -4.35004E+00  9.99615E-02
 -4.33754E+00  9.99605E-02
 -4.32504E+00  9.99595E-02
 -4.31254E+00  9.99585E-02
 -4.30004E+00  9.99575E-02
 -4.28754E+00  9.99564E-02
 -4.27504E+00  9.99554E-02
 -4.26254E+00  9.99543E-02
 -4.25004E+00  9.99533E-02
 -4.23754E+00  9.99522E-02
 -4.22504E+00  9.99511E-02
 -4.21254E+00  9.99500E-02
 -4.20005E+00  9.99489E-02
 -4.18755E+00  9.99478E-02
 -4.17505E+00  9.99466E-02
 -4.16255E+00  9.99455E-02
 -4.15005E+00  9.99443E-02
 -4.13755E+00  9.99431E-02
 -4.12505E+00  9.99419E-02
 -4.11255E+00  9.99407E-02
 -4.10005E+00  9.99395E-02
 -4.08755E+00  9.99383E-02
 -4.07505E+00  9.99370E-02
 -4.06256E+00  9.99358E-02
 -4.05006E+00  9.99345E-02
 -4.03756E+00  9.99332E-02
 -4.02506E+00  9.99319E-02
 -4.01256E+00  9.99306E-02
 -4.00006E+00  9.99292E-02
 -3.98756E+00  9.99279E-02
 -3.97506E+00  9.99265E-02
 -3.96256E+00  9.99251E-02
 -3.95006E+00  9.99237E-02
 -3.93756E+00  9.99223E-02
 -3.92507E+00  9.99209E-02
 -3.91257E+00  9.99194E-02
 -3.90007E+00  9.99180E-02
 -3.88757E+00  9.99165E-02
 -3.87507E+00  9.99150E-02
 -3.86257E+00  9.99135E-02
 -3.85007E+00  9.99120E-02
 -3.83757E+00  9.99104E-02
 -3.82507E+00  9.99089E-02
 -3.81257E+00  9.99073E-02
 -3.80008E+00  9.99057E-02
 -3.78758E+00  9.99041E-02
 -3.77508E+00  9.99024E-02
 -3.76258E+00  9.99008E-02
 -3.75008E+00  9.98991E-02
 -3.73758E+00  9.98974E-02
 -3.72508E+00  9.98957E-02
 -3.71258E+00  9.98940E-02
 -3.70008E+00  9.98922E-02
 -3.68759E+00  9.98905E-02
 -3.67509E+00  9.98887E-02
 -3.66259E+00  9.98869E-02
 -3.65009E+00  9.98850E-02
 -3.63759E+00  9.98832E-02
 -3.62509E+00  9.98813E-02
 -3.61259E+00  9.98794E-02
 -3.60009E+00  9.98775E-02
 -3.58760E+00  9.98756E-02
 -3.57510E+00  9.98736E-02
 -3.56260E+00  9.98716E-02
 -3.55010E+00  9.98696E-02
 -3.53760E+00  9.98676E-02
 -3.52510E+00  9.98655E-02
 -3.51260E+00  9.98635E-02
 -3.50010E+00  9.98614E-02
 -3.48761E+00  9.98593E-02
 -3.47511E+00  9.98571E-02
 -3.46261E+00  9.98549E-02
 -3.45011E+00  9.98527E-02
 -3.43761E+00  9.98505E-02
 -3.42511E+00  9.98483E-02
 -3.41261E+00  9.98460E-02
 -3.40011E+00  9.98437E-02
 -3.38762E+00  9.98414E-02
 -3.37512E+00  9.98390E-02
 -3.36262E+00  9.98366E-02
 -3.35012E+00  9.98342E-02
 -3.33762E+00  9.98318E-02
 -3.32512E+00  9.98293E-02
 -3.31262E+00  9.98269E-02
 -3.30013E+00  9.98243E-02
 -3.28763E+00  9.98218E-02
 -3.27513E+00  9.98192E-02
 -3.26263E+00  9.98166E-02
 -3.25013E+00  9.98140E-02
 -3.23763E+00  9.98113E-02
 -3.22514E+00  9.98086E-02
 -3.21264E+00  9.98059E-02
 -3.20014E+00  9.98031E-02
 -3.18764E+00  9.98003E-02
 -3.17514E+00  9.97975E-02
 -3.16264E+00  9.97946E-02
 -3.15014E+00  9.97917E-02
 -3.13765E+00  9.97888E-02
 -3.12515E+00  9.97858E-02
 -3.11265E+00  9.97828E-02
 -3.10015E+00  9.97798E-02
 -3.08765E+00  9.97767E-02
 -3.07515E+00  9.97736E-02
 -3.06266E+00  9.97704E-02
 -3.05016E+00  9.97672E-02
 -3.03766E+00  9.97640E-02
 -3.02516E+00  9.97608E-02
 -3.01266E+00  9.97575E-02
 -3.00017E+00  9.97541E-02
 -2.98767E+00  9.97507E-02
 -2.97517E+00  9.97473E-02
 -2.96267E+00  9.97438E-02
 -2.95017E+00  9.97403E-02
 -2.93767E+00  9.97368E-02
 -2.92518E+00  9.97332E-02
 -2.91268E+00  9.97296E-02
 -2.90018E+00  9.97259E-02
 -2.88768E+00  9.97222E-02
 -2.87518E+00  9.97184E-02
 -2.86269E+00  9.97146E-02
 -2.85019E+00  9.97107E-02
 -2.83769E+00  9.97068E-02
 -2.82519E+00  9.97028E-02
 -2.81269E+00  9.96988E-02
 -2.80020E+00  9.96948E-02
 -2.78770E+00  9.96907E-02
 -2.77520E+00  9.96865E-02
 -2.76270E+00  9.96823E-02
 -2.75021E+00  9.96780E-02
 -2.73771E+00  9.96737E-02
 -2.72521E+00  9.96693E-02
 -2.71271E+00  9.96649E-02
 -2.70021E+00  9.96604E-02
 -2.68772E+00  9.96559E-02
 -2.67522E+00  9.96513E-02
 -2.66272E+00  9.96466E-02
 -2.65022E+00  9.96419E-02
 -2.63773E+00  9.96371E-02
 -2.62523E+00  9.96323E-02
 -2.61273E+00  9.96274E-02
 -2.60023E+00  9.96224E-02
 -2.58774E+00  9.96174E-02
 -2.57524E+00  9.96123E-02
 -2.56274E+00  9.96071E-02
 -2.55024E+00  9.96019E-02
 -2.53775E+00  9.95966E-02
 -2.52525E+00  9.95912E-02
 -2.51275E+00  9.95857E-02
 -2.50025E+00  9.95802E-02
 -2.48776E+00  9.95746E-02
 -2.47526E+00  9.95690E-02
 -2.46276E+00  9.95632E-02
 -2.45027E+00  9.95574E-02
 -2.43777E+00  9.95515E-02
 -2.42527E+00  9.95455E-02
 -2.41278E+00  9.95395E-02
 -2.40028E+00  9.95333E-02
 -2.38778E+00  9.95271E-02
 -2.37528E+00  9.95208E-02
 -2.36279E+00  9.95144E-02
 -2.35029E+00  9.95079E-02
 -2.33779E+00  9.95013E-02
 -2.32530E+00  9.94947E-02
 -2.31280E+00  9.94879E-02
 -2.30030E+00  9.94811E-02
 -2.28781E+00  9.94741E-02
 -2.27531E+00  9.94671E-02
 -2.26281E+00  9.94599E-02
 -2.25032E+00  9.94526E-02
 -2.23782E+00  9.94453E-02
 -2.22532E+00  9.94378E-02
 -2.21283E+00  9.94302E-02
 -2.20033E+00  9.94226E-02
 -2.18784E+00  9.94148E-02
 -2.17534E+00  9.94069E-02
 -2.16284E+00  9.93988E-02
 -2.15035E+00  9.93907E-02
 -2.13785E+00  9.93824E-02
 -2.12536E+00  9.93740E-02
 -2.11286E+00  9.93655E-02
 -2.10036E+00  9.93569E-02
 -2.08787E+00  9.93481E-02
 -2.07537E+00  9.93392E-02
 -2.06288E+00  9.93301E-02
 -2.05038E+00  9.93209E-02
 -2.03789E+00  9.93116E-02
 -2.02539E+00  9.93021E-02
 -2.01289E+00  9.92925E-02
 -2.00040E+00  9.92827E-02
 -1.98790E+00  9.92728E-02
 -1.97541E+00  9.92627E-02
 -1.96291E+00  9.92525E-02
 -1.95042E+00  9.92420E-02
 -1.93792E+00  9.92315E-02
 -1.92543E+00  9.92207E-02
 -1.91293E+00  9.92098E-02
 -1.90044E+00  9.91987E-02
 -1.88794E+00  9.91874E-02
 -1.87545E+00  9.91759E-02
 -1.86296E+00  9.91642E-02
 -1.85046E+00  9.91524E-02
 -1.83797E+00  9.91403E-02
 -1.82547E+00  9.91280E-02
 -1.81298E+00  9.91155E-02
 -1.80048E+00  9.91028E-02
 -1.78799E+00  9.90899E-02
 -1.77550E+00  9.90768E-02
 -1.76300E+00  9.90634E-02
 -1.75051E+00  9.90498E-02
 -1.73802E+00  9.90359E-02
 -1.72552E+00  9.90218E-02
 -1.71303E+00  9.90074E-02
 -1.70054E+00  9.89928E-02
 -1.68804E+00  9.89779E-02
 -1.67555E+00  9.89627E-02
 -1.66306E+00  9.89473E-02
 -1.65057E+00  9.89315E-02
 -1.63807E+00  9.89155E-02
 -1.62558E+00  9.88991E-02
 -1.61309E+00  9.88825E-02
 -1.60060E+00  9.88655E-02
 -1.58811E+00  9.88482E-02
 -1.57561E+00  9.88305E-02
 -1.56312E+00  9.88125E-02
 -1.55063E+00  9.87942E-02
 -1.53814E+00  9.87754E-02
 -1.52565E+00  9.87563E-02
 -1.51316E+00  9.87368E-02
 -1.50067E+00  9.87169E-02
 -1.48818E+00  9.86966E-02
 -1.47569E+00  9.86758E-02
 -1.46320E+00  9.86546E-02
 -1.45071E+00  9.86330E-02
 -1.43822E+00  9.86109E-02
 -1.42573E+00  9.85883E-02
 -1.41324E+00  9.85652E-02
 -1.40075E+00  9.85416E-02
 -1.38826E+00  9.85175E-02
 -1.37578E+00  9.84928E-02
 -1.36329E+00  9.84675E-02
 -1.35080E+00  9.84417E-02
 -1.33831E+00  9.84152E-02
 -1.32583E+00  9.83882E-02
