 Xvort = [
 -5.00000E+00  2.00000E-02
 -4.98750E+00  1.99999E-02
 -4.97500E+00  1.99998E-02
 -4.96250E+00  1.99997E-02
 -4.95000E+00  1.99996E-02
 -4.93750E+00  1.99996E-02
 -4.92500E+00  1.99995E-02
 -4.91250E+00  1.99994E-02
 -4.90000E+00  1.99993E-02
 -4.88750E+00  1.99992E-02
 -4.87500E+00  1.99991E-02
 -4.86251E+00  1.99990E-02
 -4.85001E+00  1.99989E-02
 -4.83751E+00  1.99988E-02
 -4.82501E+00  1.99987E-02
 -4.81251E+00  1.99986E-02
 -4.80001E+00  1.99985E-02
 -4.78751E+00  1.99984E-02
 -4.77501E+00  1.99983E-02
 -4.76251E+00  1.99982E-02
 -4.75001E+00  1.99981E-02
 -4.73751E+00  1.99980E-02
 -4.72501E+00  1.99978E-02
 -4.71251E+00  1.99977E-02
 -4.70001E+00  1.99976E-02
 -4.68751E+00  1.99975E-02
 -4.67501E+00  1.99974E-02
 -4.66251E+00  1.99973E-02
 -4.65001E+00  1.99972E-02
 -4.63751E+00  1.99970E-02
 -4.62502E+00  1.99969E-02
 -4.61252E+00  1.99968E-02
 -4.60002E+00  1.99967E-02
 -4.58752E+00  1.99966E-02
 -4.57502E+00  1.99964E-02
 -4.56252E+00  1.99963E-02
 -4.55002E+00  1.99962E-02
 -4.53752E+00  1.99961E-02
 -4.52502E+00  1.99959E-02
 -4.51252E+00  1.99958E-02
 -4.50002E+00  1.99957E-02
 -4.48752E+00  1.99955E-02
 -4.47502E+00  1.99954E-02
 -4.46252E+00  1.99953E-02
 -4.45002E+00  1.99951E-02
 -4.43752E+00  1.99950E-02
 -4.42502E+00  1.99948E-02
 -4.41252E+00  1.99947E-02
 -4.40003E+00  1.99946E-02
 -4.38753E+00  1.99944E-02
 -4.37503E+00  1.99943E-02
 -4.36253E+00  1.99941E-02
 -4.35003E+00  1.99940E-02
 -4.33753E+00  1.99938E-02
 -4.32503E+00  1.99937E-02
 -4.31253E+00  1.99935E-02
 -4.30003E+00  1.99934E-02
 -4.28753E+00  1.99932E-02
 -4.27503E+00  1.99930E-02
 -4.26253E+00  1.99929E-02
 -4.25003E+00  1.99927E-02
 -4.23753E+00  1.99926E-02
 -4.22503E+00  1.99924E-02
 -4.21253E+00  1.99922E-02
 -4.20004E+00  1.99921E-02
 -4.18754E+00  1.99919E-02
 -4.17504E+00  1.99917E-02
 -4.16254E+00  1.99915E-02
 -4.15004E+00  1.99914E-02
 -4.13754E+00  1.99912E-02
 -4.12504E+00  1.99910E-02
 -4.11254E+00  1.99908E-02
 -4.10004E+00  1.99906E-02
 -4.08754E+00  1.99904E-02
 -4.07504E+00  1.99903E-02
 -4.06254E+00  1.99901E-02
 -4.05004E+00  1.99899E-02
 -4.03754E+00  1.99897E-02
 -4.02504E+00  1.99895E-02
 -4.01255E+00  1.99893E-02
 -4.00005E+00  1.99891E-02
 -3.98755E+00  1.99889E-02
 -3.97505E+00  1.99887E-02
 -3.96255E+00  1.99885E-02
 -3.95005E+00  1.99883E-02
 -3.93755E+00  1.99881E-02
 -3.92505E+00  1.99878E-02
 -3.91255E+00  1.99876E-02
 -3.90005E+00  1.99874E-02
 -3.88755E+00  1.99872E-02
 -3.87505E+00  1.99870E-02
 -3.86255E+00  1.99867E-02
 -3.85005E+00  1.99865E-02
 -3.83756E+00  1.99863E-02
 -3.82506E+00  1.99860E-02
 -3.81256E+00  1.99858E-02
 -3.80006E+00  1.99856E-02
 -3.78756E+00  1.99853E-02
 -3.77506E+00  1.99851E-02
 -3.76256E+00  1.99849E-02
 -3.75006E+00  1.99846E-02
 -3.73756E+00  1.99844E-02
 -3.72506E+00  1.99841E-02
 -3.71256E+00  1.99839E-02
 -3.70006E+00  1.99836E-02
 -3.68757E+00  1.99833E-02
 -3.67507E+00  1.99831E-02
 -3.66257E+00  1.99828E-02
 -3.65007E+00  1.99825E-02
 -3.63757E+00  1.99823E-02
 -3.62507E+00  1.99820E-02
 -3.61257E+00  1.99817E-02
 -3.60007E+00  1.99814E-02
 -3.58757E+00  1.99812E-02
 -3.57507E+00  1.99809E-02
 -3.56257E+00  1.99806E-02
 -3.55007E+00  1.99803E-02
 -3.53758E+00  1.99800E-02
 -3.52508E+00  1.99797E-02
 -3.51258E+00  1.99794E-02
 -3.50008E+00  1.99791E-02
 -3.48758E+00  1.99788E-02
 -3.47508E+00  1.99785E-02
 -3.46258E+00  1.99782E-02
 -3.45008E+00  1.99779E-02
 -3.43758E+00  1.99775E-02
 -3.42508E+00  1.99772E-02
 -3.41258E+00  1.99769E-02
 -3.40009E+00  1.99766E-02
 -3.38759E+00  1.99762E-02
 -3.37509E+00  1.99759E-02
 -3.36259E+00  1.99755E-02
 -3.35009E+00  1.99752E-02
 -3.33759E+00  1.99749E-02
 -3.32509E+00  1.99745E-02
 -3.31259E+00  1.99741E-02
 -3.30009E+00  1.99738E-02
 -3.28759E+00  1.99734E-02
 -3.27510E+00  1.99731E-02
 -3.26260E+00  1.99727E-02
 -3.25010E+00  1.99723E-02
 -3.23760E+00  1.99719E-02
 -3.22510E+00  1.99716E-02
 -3.21260E+00  1.99712E-02
 -3.20010E+00  1.99708E-02
 -3.18760E+00  1.99704E-02
 -3.17510E+00  1.99700E-02
 -3.16260E+00  1.99696E-02
 -3.15011E+00  1.99692E-02
 -3.13761E+00  1.99688E-02
 -3.12511E+00  1.99684E-02
 -3.11261E+00  1.99679E-02
 -3.10011E+00  1.99675E-02
 -3.08761E+00  1.99671E-02
 -3.07511E+00  1.99666E-02
 -3.06261E+00  1.99662E-02
 -3.05011E+00  1.99658E-02
 -3.03762E+00  1.99653E-02
 -3.02512E+00  1.99649E-02
 -3.01262E+00  1.99644E-02
 -3.00012E+00  1.99639E-02
 -2.98762E+00  1.99635E-02
 -2.97512E+00  1.99630E-02
 -2.96262E+00  1.99625E-02
 -2.95012E+00  1.99620E-02
 -2.93763E+00  1.99616E-02
 -2.92513E+00  1.99611E-02
 -2.91263E+00  1.99606E-02
 -2.90013E+00  1.99601E-02
 -2.88763E+00  1.99596E-02
 -2.87513E+00  1.99590E-02
 -2.86263E+00  1.99585E-02
 -2.85013E+00  1.99580E-02
 -2.83764E+00  1.99575E-02
 -2.82514E+00  1.99569E-02
 -2.81264E+00  1.99564E-02
 -2.80014E+00  1.99558E-02
 -2.78764E+00  1.99553E-02
 -2.77514E+00  1.99547E-02
 -2.76264E+00  1.99541E-02
 -2.75015E+00  1.99536E-02
 -2.73765E+00  1.99530E-02
 -2.72515E+00  1.99524E-02
 -2.71265E+00  1.99518E-02
 -2.70015E+00  1.99512E-02
 -2.68765E+00  1.99506E-02
 -2.67515E+00  1.99500E-02
 -2.66266E+00  1.99494E-02
 -2.65016E+00  1.99487E-02
 -2.63766E+00  1.99481E-02
 -2.62516E+00  1.99475E-02
 -2.61266E+00  1.99468E-02
 -2.60016E+00  1.99462E-02
 -2.58766E+00  1.99455E-02
 -2.57517E+00  1.99448E-02
 -2.56267E+00  1.99442E-02
 -2.55017E+00  1.99435E-02
 -2.53767E+00  1.99428E-02
 -2.52517E+00  1.99421E-02
 -2.51267E+00  1.99414E-02
 -2.50018E+00  1.99406E-02
 -2.48768E+00  1.99399E-02
 -2.47518E+00  1.99392E-02
 -2.46268E+00  1.99384E-02
 -2.45018E+00  1.99377E-02
 -2.43768E+00  1.99369E-02
 -2.42519E+00  1.99362E-02
 -2.41269E+00  1.99354E-02
 -2.40019E+00  1.99346E-02
 -2.38769E+00  1.99338E-02
 -2.37519E+00  1.99330E-02
 -2.36269E+00  1.99322E-02
 -2.35020E+00  1.99314E-02
 -2.33770E+00  1.99305E-02
 -2.32520E+00  1.99297E-02
 -2.31270E+00  1.99288E-02
 -2.30020E+00  1.99280E-02
 -2.28771E+00  1.99271E-02
 -2.27521E+00  1.99262E-02
 -2.26271E+00  1.99253E-02
 -2.25021E+00  1.99244E-02
 -2.23771E+00  1.99235E-02
 -2.22522E+00  1.99225E-02
 -2.21272E+00  1.99216E-02
 -2.20022E+00  1.99206E-02
 -2.18772E+00  1.99197E-02
 -2.17522E+00  1.99187E-02
 -2.16273E+00  1.99177E-02
 -2.15023E+00  1.99167E-02
 -2.13773E+00  1.99157E-02
 -2.12523E+00  1.99147E-02
 -2.11273E+00  1.99136E-02
 -2.10024E+00  1.99126E-02
 -2.08774E+00  1.99115E-02
 -2.07524E+00  1.99105E-02
 -2.06274E+00  1.99094E-02
 -2.05025E+00  1.99083E-02
 -2.03775E+00  1.99071E-02
 -2.02525E+00  1.99060E-02
 -2.01275E+00  1.99049E-02
 -2.00026E+00  1.99037E-02
 -1.98776E+00  1.99025E-02
 -1.97526E+00  1.99013E-02
 -1.96276E+00  1.99001E-02
 -1.95027E+00  1.98989E-02
 -1.93777E+00  1.98977E-02
 -1.92527E+00  1.98964E-02
 -1.91277E+00  1.98951E-02
 -1.90028E+00  1.98938E-02
 -1.88778E+00  1.98925E-02
 -1.87528E+00  1.98912E-02
 -1.86278E+00  1.98899E-02
 -1.85029E+00  1.98885E-02
 -1.83779E+00  1.98871E-02
 -1.82529E+00  1.98857E-02
 -1.81279E+00  1.98843E-02
 -1.80030E+00  1.98829E-02
 -1.78780E+00  1.98814E-02
 -1.77530E+00  1.98799E-02
 -1.76281E+00  1.98784E-02
 -1.75031E+00  1.98769E-02
 -1.73781E+00  1.98754E-02
 -1.72532E+00  1.98738E-02
 -1.71282E+00  1.98722E-02
 -1.70032E+00  1.98706E-02
 -1.68782E+00  1.98690E-02
 -1.67533E+00  1.98674E-02
 -1.66283E+00  1.98657E-02
 -1.65033E+00  1.98640E-02
 -1.63784E+00  1.98623E-02
 -1.62534E+00  1.98605E-02
 -1.61284E+00  1.98587E-02
 -1.60035E+00  1.98569E-02
 -1.58785E+00  1.98551E-02
 -1.57536E+00  1.98532E-02
 -1.56286E+00  1.98514E-02
 -1.55036E+00  1.98494E-02
 -1.53787E+00  1.98475E-02
 -1.52537E+00  1.98455E-02
 -1.51287E+00  1.98435E-02
 -1.50038E+00  1.98415E-02
 -1.48788E+00  1.98394E-02
 -1.47539E+00  1.98373E-02
 -1.46289E+00  1.98352E-02
 -1.45039E+00  1.98330E-02
 -1.43790E+00  1.98309E-02
 -1.42540E+00  1.98286E-02
 -1.41291E+00  1.98264E-02
 -1.40041E+00  1.98240E-02
 -1.38792E+00  1.98217E-02
 -1.37542E+00  1.98193E-02
 -1.36292E+00  1.98169E-02
 -1.35043E+00  1.98144E-02
 -1.33793E+00  1.98119E-02
 -1.32544E+00  1.98094E-02
